195.08      1 2 3 7 8 9 10 11 12 13 14 15 16 17 18 22 23 24 30 32 34 35 36 37 38 41 42 44 45 46 47 48 49 50 52 54
195.08      4 5 6 19 20 21 25 26 27 28 29 31 33 39 40 43 51 53
195.08      55 56 57 58
54.938044
54.938044
54.938044
195.08
195.08
195.08
195.08
195.08
195.08
195.08
195.08
195.08
195.08
195.08
195.08
54.938044
54.938044
54.938044
195.08
195.08
195.08
54.938044
54.938044
54.938044
54.938044
54.938044
195.08
54.938044
195.08
54.938044
195.08
195.08
195.08
195.08
195.08
54.938044
54.938044
195.08
195.08
54.938044
195.08
195.08
195.08
195.08
195.08
195.08
195.08
54.938044
195.08
54.938044
195.08
15.99
15.99
15.99
15.99
